  H  = [
    0   1/2 1/4   1   1/3;
    1/3 0   1/4   0   0;
    1/3 1/2 0     0   1/3;
    1/3 0   1/4   0   1/3;
    0   0   1/4   0   0;
  ];
  
 Hn = H^50;
 
 
 Hn(:,1)